89383
30886
92777
36915
47793
38335
85386
60492
16649
41421
2362
90027
68690
20059
97763
13926
80540
83426
89172
55736
5211
95368
2567
56429
65782
21530
22862
65123
74067
3135
13929
79802
34022
23058
33069
98167
61393
18456
75011
78042
76229
77373
84421
44919
13784
98537
75198
94324
98315
64370
66413
3526
76091
68980
59956
41873
6862
99170
6996
97281
2305
20925
77084
36327
60336
26505
50846
21729
61313
25857
16124
53895
19582
545
98814
33367
15434
90364
44043
13750
71087
26808
17276
47178
95788
93584
5403
2651
92754
12399
99932
95060
49676
93368
47739
10012
36226
98586
48094
97539
40795
80570
51434
60378
97467
66601
10097
12902
73317
70492
26652
60756
97301
60280
24286
9441
53865
29689
28444
46619
58440
44729
58031
8117
38097
5771
34481
90675
20709
98927
4567
77856
79497
72353
54586
76965
55306
64683
6219
28624
51528
32871
5732
48829
9503
30019
58270
63368
59708
86715
26340
18149
47796
723
42618
2245
22846
93451
92921
43555
92379
97488
37764
88228
69841
92350
65193
41500
57034
87764
70124
24914
36987
75856
73743
46491
22227
48365
9859
81936
51432
52551
16437
99228
53275
75407
1474
76121
68858
94395
36029
61237
8235
73793
65818
94428
66143
31011
35928
39529
18776
22404
64443
55763
14613
54538
18606
36840
2904
44818
35128
70688
97369
67917
69917
66996
43324
87743
59470
12183
98490
95499
89772
6725
85644
55590
17505
68139
2954
69786
7669
38082
8542
88464
10197
39507
59355
28804
76348
78611
73622
27828
49299
87343
95746
35568
54340
55422
23311
13810
67605
21801
25661
73730
44878
11305
29320
78736
79444
48626
48522
3465
86708
73416
8282
13258
12924
67637
42062
5624
62600
32036
33452
11899
19379
45550
47468
90071
973
87131
3881
84930
8933
45894
58660
70163
57199
87981
48899
52996
52959
13773
72813
39668
87190
81095
52926
16466
65084
11340
22090
27684
43376
55542
55936
79107
17445
19756
69179
18418
6887
89412
3348
32172
51659
62009
2336
25210
66342
67587
78206
19301
97713
67372
75321
1255
64819
44599
17721
29904
55939
39811
73940
15667
11705
46228
11127
29150
65984
96658
63920
89224
2422
67269
21396
54081
45630
40084
79292
11972
7672
73850
47625
5385
41222
39299
6640
6042
83898
40713
52298
56190
80524
42590
88209
8581
88819
99336
37732
71155
95994
18004
60379
14769
85273
81776
68850
47255
21860
48142
75579
45884
21993
23205
67621
79567
62504
90613
1961
62754
31326
54259
18944
28202
13202
23506
36784
2021
22842
90868
89528
35189
8872
49908
49958
10498
48036
18808
57753
86248
83303
33333
32133
21648
72890
99754
17567
51746
90368
19529
14500
38046
73788
49797
66249
86990
73303
3033
5363
12497
10253
94892
47686
19125
61152
13996
45975
9188
49157
3729
95436
32460
53414
43921
70460
26304
60028
88027
78050
66748
7556
8902
4794
97697
58699
71043
1039
32002
90428
6403
44500
681
17647
8538
36159
95151
22535
82134
4339
71692
2215
16127
20504
55629
60049
90964
98285
36429
95343
76335
3177
2900
85238
7971
16949
60289
95367
17988
92292
85795
40743
53144
2829
58390
61682
55340
53541
569
53826
74232
72261
56042
90360
9117
28023
66761
81
26309
3190
95425
18996
6367
14677
4234
30690
31626
64524
26057
49614
73168
28205
90358
26312
47386
65100
4346
2726
34994
4916
56552
25578
93529
28946
32290
2647
56970
99051
19080
99631
18593
30857
18627
41312
61886
39214
88355
93512
20090
14412
59479
9610
58969
66189
52274
6355
47641
56620
25433
98987
77888
98338
24566
87770
27284
56856
90417
606
72260
25849
237
7205
73059
35217
48518
34945
90783
36873
28458
10873
67637
4289
20483
26607
70478
72757
49314
34471
45729
91100
33459
23618
89438
58025
11388
33074
31233
18157
33681
3493
60358
50270
10699
33417
1839
75569
68363
92622
28794
13173
19847
96431
17462
56682
39390
4292
45791
5057
55115
91521
96157
88574
31491
1947
62951
59231
35021
10537
93740
85054
14030
54098
35325
41081
87516
53516
33002
72231
46139
61796
85404
82338
74580
19218
39021
13970
39862
84812
35379
94977
92685
31536
99904
24176
33483
79207
99759
84857
89744
93499
69911
20127
63950
5236
77560
67818
75105
10563
40049
21244
88711
41805
19934
63291
77375
58955
93614
33589
43768
28993
44918
52805
76882
44822
76982
26717
24030
93093
11574
30126
86593
81486
50253
50543
3074
27814
34713
78179
38377
74762
15775
27088
32919
35710
6732
10294
11017
346
60235
71137
45691
5153
23943
22573
66328
925
49291
6710
94018
77217
36836
96963
75055
87090
63858
78130
14904
98571
72661
69633
89685
4789
13073
22604
56851
19805
49250
67868
36503
9485
39006
82195
14639
62949
21120
80967
80226
86763
87677
90596
63981
40865
87560
39036
27955
67770
33518
59211
66342
22532
45196
72379
27321
58270
94984
84172
94427
44234
52040
47283
70072
7398
45830
1063
70347
66950
82030
50573
53714
86059
57522
34047
26924
45082
89435
71232
29204
22954
30443
11898
45486
75640
84278
89159
50262
79262
89683
61041
39848
41723
8324
26272
49122
54154
27335
35821
37457
9365
2747
91171
11776
60269
25218
38701
21703
14653
9933
50907
53959
56728
62806
15797
48720
47084
21308
15334
42698
10991
76376
98898
52715
1052
25171
18189
71559
52506
54010
9016
78224
73109
16539
90000
33378
58109
45053
55081
89114
71338
5989
59426
28067
85147
75223
76787
32231
96532
92122
91281
23875
84850
90179
76590
2254
15350
11131
73813
67857
81494
99181
46081
54603
15720
52433
87982
90181
97487
59415
79296
68825
65404
38722
96892
50551
30297
90032
99134
43181
98506
90415
67057
99708
80595
59999
1962
12297
87483
75776
80154
68977
91309
42587
39932
23382
95021
44266
13563
8860
3682
9211
77685
69086
64285
90930
35990
94583
97314
51476
54116
95820
41892
37525
95528
38839
97525
97490
51136
1360
89618
47643
70337
80928
6582
26621
4310
17955
70888
34225
26815
74570
43437
20853
60008
7722
11783
12350
18657
9097
63827
89126
21269
22071
26651
33149
60910
40528
30639
28398
41888
36610
92393
28577
33890
98976
55199
54552
16931
26087
88777
60099
657
48566
80952
77017
72641
92735
89368
91298
18184
53195
96776
55805
75266
23428
88954
52528
80308
19593
97278
22197
72555
89672
50774
6445
5000
22325
60997
38283
48412
66127
98382
65421
14693
79334
42439
87334
88421
48159
94985
22957
1354
91761
78762
92972
31541
67716
61852
11850
3662
75482
50399
76217
65154
1173
99015
86506
